RED 17 42
3 2 2 1 0 0 0
4 1 0 1 1 0 0
30 33 14 00 
26 30 45 20 
20 36 42 00 
00 00 40 00 
45 00 00 00 
00 00 00 41 
44 00 43 42 
15 15 14 00 

1 2 2 1
2 2 4 1
3 2 3 3
4 2 6 2
5 2 5 0
6 2 5 1
7 1 3,3,4,1 4,3,5,1
8 1 4,4,5,0 3,3,5,1
9 2 0 3
10 2 2 3
11 1 3,1,2,3 4,1,0,3
12 2 4 0
13 2 4 3
14 2 6 0
15 2 0 1
16 1 4,4,5,1 0,0,4,1
17 2 0 0
18 1 4,4,4,1 3,0,4,0
19 2 1 2
20 2 6 1
21 2 5 3
22 1 4,3,6,1 3,2,6,2
23 2 1 1
24 1 4,0,1,2 3,0,1,1
25 1 3,0,2,1 4,0,1,1
26 2 2 2
27 2 4 2
28 1 4,5,4,2 0,0,4,1
29 2 3 0
30 2 3 1
31 1 3,6,3,0 4,4,4,0
32 1 4,5,4,1 3,2,3,1
33 2 3 2
34 1 4,5,3,2 3,1,2,2
35 1 3,6,4,0 0,0,3,0
36 1 4,5,3,1 0,0,4,1
37 1 3,6,3,0 0,0,3,1
38 1 4,5,4,1 0,0,4,0
39 1 3,6,3,1 0,0,2,1
40 1 4,5,2,2 0,0,1,2
41 1 3,0,3,3 0,0,3,2
42 1 4,2,4,3 0,0,4,2
43 1 3,0,3,2 0,0,2,2
44 1 4,2,4,2 0,0,3,2
45 1 3,1,0,3 4,0,5,3
46 1 4,2,3,2 3,0,2,2
47 2 7 3
48 1 4,1,7,3 3,1,5,3
49 2 5 2
50 1 4,0,5,2 0,0,4,2
51 2 6 3
52 1 4,0,4,2 0,0,3,2
